 -8.1233588e+000 -6.2585502e-001 -3.3304267e-001 -9.1630553e-003  2.0673214e-001  1.8548081e-001  3.1486376e-001  2.9411855e-001  2.8522258e-001  3.0333575e-001  2.0296727e-001  2.6087694e-001  1.1253506e-001  2.2299929e-001  1.3090716e-001
 -8.1228203e+000 -6.2520734e-001 -3.3274997e-001 -9.7659338e-003  2.0561693e-001  1.8431871e-001  3.1413155e-001  2.9392552e-001  2.8555844e-001  3.0364193e-001  2.0335997e-001  2.6129698e-001  1.1272580e-001  2.2322783e-001  1.3121491e-001
 -8.1233562e+000 -6.2644866e-001 -3.3368841e-001 -1.0278018e-002  2.0552818e-001  1.8468138e-001  3.1516609e-001  2.9511233e-001  2.8636732e-001  3.0421263e-001  2.0357975e-001  2.6117155e-001  1.1242774e-001  2.2281985e-001  1.3093303e-001
 -8.1230890e+000 -6.2586539e-001 -3.3326346e-001 -1.0083744e-002  2.0550270e-001  1.8449145e-001  3.1474046e-001  2.9460647e-001  2.8600304e-001  3.0394684e-001  2.0348469e-001  2.6122977e-001  1.1255348e-001  2.2299570e-001  1.3105547e-001
 -8.1228622e+000 -6.2511258e-001 -3.3261774e-001 -9.4623338e-003  2.0597528e-001  1.8458201e-001  3.1410138e-001  2.9369992e-001  2.8526471e-001  3.0341540e-001  2.0319439e-001  2.6120835e-001  1.1274743e-001  2.2326138e-001  1.3119257e-001
 -8.1235056e+000 -6.2631288e-001 -3.3341959e-001 -9.5273059e-003  2.0643923e-001  1.8543524e-001  3.1528817e-001  2.9469157e-001  2.8566823e-001  3.0364611e-001  2.0312637e-001  2.6087249e-001  1.1240167e-001  2.2282238e-001  1.3081400e-001
 -8.1245049e+000 -6.2831045e-001 -3.3483236e-001 -9.6938999e-003  2.0727064e-001  1.8688910e-001  3.1721392e-001  2.9632124e-001  2.8636002e-001  3.0402876e-001  2.0295992e-001  2.6024251e-001  1.1179804e-001  2.2210369e-001  1.3019558e-001
 -8.1246368e+000 -6.2935286e-001 -3.3590342e-001 -1.1139663e-002  2.0589938e-001  1.8614173e-001  3.1790428e-001  2.9779244e-001  2.8784335e-001  3.0515612e-001  2.0372052e-001  2.6055182e-001  1.1161165e-001  2.2178969e-001  1.3013087e-001
 -8.1226255e+000 -6.2418018e-001 -3.3176934e-001 -8.5991353e-003  2.0662119e-001  1.8478969e-001  3.1342739e-001  2.9259343e-001  2.8426654e-001  3.0268045e-001  2.0278016e-001  2.6114024e-001  1.1295993e-001  2.2355075e-001  1.3132052e-001
 -8.1246280e+000 -6.2923928e-001 -3.3576028e-001 -1.1029411e-002  2.0593438e-001  1.8609234e-001  3.1775862e-001  2.9765049e-001  2.8777406e-001  3.0512284e-001  2.0371530e-001  2.6058518e-001  1.1164979e-001  2.2182632e-001  1.3016144e-001
 -8.1233897e+000 -6.2650098e-001 -3.3372672e-001 -1.0231047e-002  2.0564157e-001  1.8478854e-001  3.1521070e-001  2.9511344e-001  2.8633416e-001  3.0418481e-001  2.0354219e-001  2.6113115e-001  1.1241409e-001  2.2280797e-001  1.3091023e-001
 -8.1243694e+000 -6.2847955e-001 -3.3513114e-001 -1.0469057e-002  2.0633794e-001  1.8613595e-001  3.1712749e-001  2.9678134e-001  2.8708211e-001  3.0461413e-001  2.0343038e-001  2.6055234e-001  1.1182403e-001  2.2208987e-001  1.3030606e-001
 -8.1225502e+000 -6.2448851e-001 -3.3218867e-001 -9.4810429e-003  2.0563767e-001  1.8396440e-001  3.1327336e-001  2.9311427e-001  2.8514055e-001  3.0342023e-001  2.0338519e-001  2.6155457e-001  1.1303991e-001  2.2356492e-001  1.3145889e-001
 -8.1241716e+000 -6.2779060e-001 -3.3453056e-001 -9.9231185e-003  2.0669106e-001  1.8619240e-001  3.1661650e-001  2.9600435e-001  2.8641075e-001  3.0412990e-001  2.0319495e-001  2.6055951e-001  1.1199954e-001  2.2231661e-001  1.3041762e-001
 -8.1235820e+000 -6.2682132e-001 -3.3393639e-001 -1.0111528e-002  2.0597175e-001  1.8525920e-001  3.1569499e-001  2.9536376e-001  2.8627127e-001  3.0408062e-001  2.0337500e-001  2.6091031e-001  1.1226682e-001  2.2265204e-001  1.3074509e-001
 -8.1249496e+000 -6.2933052e-001 -3.3559789e-001 -1.0026231e-002  2.0731602e-001  1.8738133e-001  3.1828059e-001  2.9735178e-001  2.8690812e-001  3.0435969e-001  2.0299688e-001  2.5999764e-001  1.1146707e-001  2.2169554e-001  1.2988832e-001
 -8.1242401e+000 -6.2771637e-001 -3.3439853e-001 -9.5406999e-003  2.0718034e-001  1.8656586e-001  3.1661291e-001  2.9575155e-001  2.8606022e-001  3.0385244e-001  2.0296833e-001  2.6041460e-001  1.1200219e-001  2.2234166e-001  1.3037602e-001
 -8.1238528e+000 -6.2750888e-001 -3.3448001e-001 -1.0488640e-002  2.0580339e-001  1.8534869e-001  3.1622100e-001  2.9605147e-001  2.8680220e-001  3.0447017e-001  2.0356321e-001  2.6089575e-001  1.1212092e-001  2.2243774e-001  1.3061293e-001
 -8.1244601e+000 -6.2849689e-001 -3.3507244e-001 -1.0164532e-002  2.0673519e-001  1.8653410e-001  3.1733820e-001  2.9671498e-001  2.8680694e-001  3.0436620e-001  2.0320278e-001  2.6036181e-001  1.1175119e-001  2.2203025e-001  1.3020705e-001
 -8.1243545e+000 -6.2831100e-001 -3.3495900e-001 -1.0245250e-002  2.0653295e-001  1.8623875e-001  3.1701579e-001  2.9654329e-001  2.8683995e-001  3.0444139e-001  2.0333997e-001  2.6054007e-001  1.1187582e-001  2.2214747e-001  1.3031813e-001
 -8.1246420e+000 -6.2902305e-001 -3.3549858e-001 -1.0507752e-002  2.0652566e-001  1.8656045e-001  3.1778935e-001  2.9730543e-001  2.8725917e-001  3.0468351e-001  2.0334527e-001  2.6032995e-001  1.1160475e-001  2.2183763e-001  1.3009687e-001
 -8.1240435e+000 -6.2765099e-001 -3.3446593e-001 -1.0031786e-002  2.0648589e-001  1.8600064e-001  3.1653431e-001  2.9599550e-001  2.8646614e-001  3.0415573e-001  2.0321041e-001  2.6056946e-001  1.1198396e-001  2.2232896e-001  1.3045704e-001
 -8.1237277e+000 -6.2691131e-001 -3.3391048e-001 -9.8193959e-003  2.0638642e-001  1.8561386e-001  3.1579959e-001  2.9528411e-001  2.8607543e-001  3.0392029e-001  2.0321111e-001  2.6077881e-001  1.1223706e-001  2.2262239e-001  1.3067803e-001
 -8.1229235e+000 -6.2583759e-001 -3.3336846e-001 -1.0610163e-002  2.0480428e-001  1.8385704e-001  3.1451163e-001  2.9479124e-001  2.8645717e-001  3.0433019e-001  2.0382676e-001  2.6149535e-001  1.1262356e-001  2.2305197e-001  1.3118819e-001
 -8.1234250e+000 -6.2602474e-001 -3.3316661e-001 -9.2043457e-003  2.0674635e-001  1.8562940e-001  3.1517639e-001  2.9435566e-001  2.8528503e-001  3.0333304e-001  2.0290039e-001  2.6075143e-001  1.1241447e-001  2.2288243e-001  1.3081736e-001
 -8.1235313e+000 -6.2637710e-001 -3.3348638e-001 -9.5202868e-003  2.0652386e-001  1.8551877e-001  3.1532110e-001  2.9470419e-001  2.8566087e-001  3.0364209e-001  2.0311256e-001  2.6085104e-001  1.1239852e-001  2.2281942e-001  1.3079946e-001
 -8.1245684e+000 -6.2804679e-001 -3.3447199e-001 -9.0129122e-003  2.0798401e-001  1.8746309e-001  3.1727783e-001  2.9589332e-001  2.8569663e-001  3.0348195e-001  2.0253860e-001  2.5997870e-001  1.1177000e-001  2.2211573e-001  1.3010902e-001
 -8.1226702e+000 -6.2509854e-001 -3.3274341e-001 -1.0117690e-002  2.0507450e-001  1.8381671e-001  3.1393152e-001  2.9400997e-001  2.8584047e-001  3.0387870e-001  2.0359326e-001  2.6149735e-001  1.1278672e-001  2.2328269e-001  1.3132431e-001
 -8.1244089e+000 -6.2830647e-001 -3.3490802e-001 -9.9698228e-003  2.0691189e-001  1.8662693e-001  3.1722761e-001  2.9648293e-001  2.8656950e-001  3.0418088e-001  2.0308500e-001  2.6031667e-001  1.1178357e-001  2.2208857e-001  1.3022481e-001
 -8.1238643e+000 -6.2718197e-001 -3.3411589e-001 -9.7982256e-003  2.0660177e-001  1.8588039e-001  3.1602966e-001  2.9544518e-001  2.8611581e-001  3.0393890e-001  2.0316347e-001  2.6067915e-001  1.1216886e-001  2.2254414e-001  1.3059449e-001
 -8.1222466e+000 -6.2462483e-001 -3.3256020e-001 -1.0804742e-002  2.0391952e-001  1.8254459e-001  3.1305260e-001  2.9384515e-001  2.8635734e-001  3.0439549e-001  2.0418211e-001  2.6209154e-001  1.1307741e-001  2.2355951e-001  1.3168074e-001
 -8.1229731e+000 -6.2529974e-001 -3.3275744e-001 -9.3938207e-003  2.0620293e-001  1.8484660e-001  3.1429555e-001  2.9378652e-001  2.8522283e-001  3.0337108e-001  2.0312517e-001  2.6111702e-001  1.1270319e-001  2.2321050e-001  1.3112162e-001
 -8.1254625e+000 -6.3019311e-001 -3.3613473e-001 -9.8927958e-003  2.0789580e-001  1.8820958e-001  3.1919060e-001  2.9798776e-001  2.8703964e-001  3.0439116e-001  2.0282610e-001  2.5966677e-001  1.1120254e-001  2.2136838e-001  1.2957732e-001
 -8.1247993e+000 -6.2948436e-001 -3.3591947e-001 -1.0892719e-002  2.0628601e-001  1.8645173e-001  3.1795623e-001  2.9771835e-001  2.8770454e-001  3.0506266e-001  2.0362407e-001  2.6048089e-001  1.1161739e-001  2.2177987e-001  1.3008094e-001
 -8.1228013e+000 -6.2535735e-001 -3.3293883e-001 -1.0119205e-002  2.0523176e-001  1.8403684e-001  3.1415930e-001  2.9418298e-001  2.8589782e-001  3.0391610e-001  2.0357616e-001  2.6142814e-001  1.1272857e-001  2.2320528e-001  1.3124508e-001
 -8.1251127e+000 -6.2962750e-001 -3.3578904e-001 -1.0055590e-002  2.0740725e-001  1.8754321e-001  3.1851131e-001  2.9757994e-001  2.8704030e-001  3.0445408e-001  2.0301343e-001  2.5994998e-001  1.1140378e-001  2.2160254e-001  1.2981359e-001
 -8.1237007e+000 -6.2643444e-001 -3.3340550e-001 -9.0134541e-003  2.0721190e-001  1.8618032e-001  3.1563115e-001  2.9458251e-001  2.8522424e-001  3.0325112e-001  2.0273970e-001  2.6053730e-001  1.1228620e-001  2.2273299e-001  1.3064831e-001
 -8.1237207e+000 -6.2734995e-001 -3.3440238e-001 -1.0665536e-002  2.0548374e-001  1.8498532e-001  3.1595796e-001  2.9598762e-001  2.8693777e-001  3.0460264e-001  2.0370896e-001  2.6104569e-001  1.1219301e-001  2.2251430e-001  1.3071562e-001
 -8.1219210e+000 -6.2393971e-001 -3.3207854e-001 -1.0611860e-002  2.0387818e-001  1.8226335e-001  3.1243800e-001  2.9320645e-001  2.8597042e-001  3.0413401e-001  2.0411483e-001  2.6220748e-001  1.1326503e-001  2.2380457e-001  1.3185972e-001
 -8.1239791e+000 -6.2741199e-001 -3.3425233e-001 -9.8383205e-003  2.0661541e-001  1.8600811e-001  3.1632132e-001  2.9570804e-001  2.8624052e-001  3.0399851e-001  2.0313600e-001  2.6058171e-001  1.1205474e-001  2.2241781e-001  1.3050588e-001
 -8.1247777e+000 -6.2924293e-001 -3.3564726e-001 -1.0461227e-002  2.0670053e-001  1.8682349e-001  3.1806989e-001  2.9746639e-001  2.8724283e-001  3.0464966e-001  2.0328646e-001  2.6023953e-001  1.1154251e-001  2.2175595e-001  1.3000579e-001
 -8.1242016e+000 -6.2784807e-001 -3.3456420e-001 -9.8774566e-003  2.0678452e-001  1.8632682e-001  3.1675979e-001  2.9606738e-001  2.8637784e-001  3.0407782e-001  2.0311653e-001  2.6046510e-001  1.1193532e-001  2.2226237e-001  1.3036650e-001
 -8.1243869e+000 -6.2849015e-001 -3.3511943e-001 -1.0434071e-002  2.0635198e-001  1.8620324e-001  3.1725649e-001  2.9683643e-001  2.8704415e-001  3.0456507e-001  2.0338589e-001  2.6050369e-001  1.1178151e-001  2.2204418e-001  1.3026484e-001
 -8.1241568e+000 -6.2870021e-001 -3.3553825e-001 -1.1631816e-002  2.0487149e-001  1.8498727e-001  3.1707746e-001  2.9750784e-001  2.8814298e-001  3.0546469e-001  2.0412828e-001  2.6100809e-001  1.1183790e-001  2.2204037e-001  1.3045367e-001
 -8.1249480e+000 -6.2962907e-001 -3.3592962e-001 -1.0636802e-002  2.0664281e-001  1.8686911e-001  3.1830662e-001  2.9781467e-001  2.8754265e-001  3.0488099e-001  2.0339805e-001  2.6024492e-001  1.1147638e-001  2.2164658e-001  1.2994187e-001
 -8.1237113e+000 -6.2717402e-001 -3.3422045e-001 -1.0392548e-002  2.0575376e-001  1.8515517e-001  3.1586250e-001  2.9572310e-001  2.8664195e-001  3.0437918e-001  2.0356998e-001  2.6099455e-001  1.1223567e-001  2.2257223e-001  1.3071920e-001
 -8.1234275e+000 -6.2662033e-001 -3.3382630e-001 -1.0278915e-002  2.0564472e-001  1.8486632e-001  3.1538083e-001  2.9525937e-001  2.8639631e-001  3.0421014e-001  2.0352265e-001  2.6106955e-001  1.1234775e-001  2.2274092e-001  1.3085979e-001
 -8.1232898e+000 -6.2588403e-001 -3.3313310e-001 -9.4019140e-003  2.0644178e-001  1.8529786e-001  3.1493613e-001  2.9429561e-001  2.8540365e-001  3.0345721e-001  2.0305630e-001  2.6091243e-001  1.1250025e-001  2.2296683e-001  1.3091448e-001
 -8.1248984e+000 -6.2984321e-001 -3.3618226e-001 -1.1096340e-002  2.0613721e-001  1.8658371e-001  3.1854937e-001  2.9828073e-001  2.8799489e-001  3.0518861e-001  2.0356172e-001  2.6025723e-001  1.1134253e-001  2.2150870e-001  1.2991145e-001
 -8.1236817e+000 -6.2727456e-001 -3.3437584e-001 -1.0581661e-002  2.0563605e-001  1.8507692e-001  3.1587435e-001  2.9584213e-001  2.8680591e-001  3.0450577e-001  2.0364305e-001  2.6101425e-001  1.1222032e-001  2.2256341e-001  1.3072970e-001
 -8.1237561e+000 -6.2716524e-001 -3.3415927e-001 -1.0196546e-002  2.0599639e-001  1.8536995e-001  3.1594188e-001  2.9565952e-001  2.8648872e-001  3.0424025e-001  2.0342648e-001  2.6087284e-001  1.1218696e-001  2.2253898e-001  1.3066935e-001
 -8.1229189e+000 -6.2596372e-001 -3.3353353e-001 -1.0823428e-002  2.0464495e-001  1.8371984e-001  3.1447278e-001  2.9490996e-001  2.8666645e-001  3.0451647e-001  2.0397036e-001  2.6158513e-001  1.1264699e-001  2.2306082e-001  1.3121590e-001
 -8.1220132e+000 -6.2349673e-001 -3.3150010e-001 -9.4356209e-003  2.0518298e-001  1.8329063e-001  3.1249106e-001  2.9242530e-001  2.8481326e-001  3.0318663e-001  2.0337186e-001  2.6173920e-001  1.1322937e-001  2.2384076e-001  1.3171624e-001
 -8.1222969e+000 -6.2463127e-001 -3.3255069e-001 -1.0581841e-002  2.0426239e-001  1.8288559e-001  3.1319937e-001  2.9375970e-001  2.8610520e-001  3.0417613e-001  2.0399974e-001  2.6194828e-001  1.1304421e-001  2.2354068e-001  1.3161203e-001
 -8.1249013e+000 -6.2959449e-001 -3.3593585e-001 -1.0778277e-002  2.0643455e-001  1.8664930e-001  3.1816630e-001  2.9781205e-001  2.8765841e-001  3.0500059e-001  2.0353400e-001  2.6037642e-001  1.1154145e-001  2.2169549e-001  1.3000210e-001
 -8.1228270e+000 -6.2489140e-001 -3.3238761e-001 -9.2139364e-003  2.0617160e-001  1.8463266e-001  3.1388601e-001  2.9339758e-001  2.8502612e-001  3.0324926e-001  2.0309609e-001  2.6119900e-001  1.1280829e-001  2.2333875e-001  1.3123175e-001
 -8.1233623e+000 -6.2656882e-001 -3.3383434e-001 -1.0432493e-002  2.0541424e-001  1.8467389e-001  3.1532368e-001  2.9529398e-001  2.8648312e-001  3.0428436e-001  2.0362155e-001  2.6116389e-001  1.1238713e-001  2.2277301e-001  1.3090357e-001
 -8.1241703e+000 -6.2804775e-001 -3.3480494e-001 -1.0374311e-002  2.0620779e-001  1.8591151e-001  3.1682655e-001  2.9645603e-001  2.8686803e-001  3.0446286e-001  2.0340760e-001  2.6063183e-001  1.1191535e-001  2.2220752e-001  1.3040011e-001
 -8.1225920e+000 -6.2535323e-001 -3.3312103e-001 -1.0819613e-002  2.0434068e-001  1.8327153e-001  3.1394626e-001  2.9446457e-001  2.8647000e-001  3.0439011e-001  2.0400318e-001  2.6174885e-001  1.1280372e-001  2.2326337e-001  1.3139629e-001
 -8.1250375e+000 -6.2980735e-001 -3.3606800e-001 -1.0618176e-002  2.0679124e-001  1.8707421e-001  3.1850561e-001  2.9793959e-001  2.8754961e-001  3.0486618e-001  2.0334241e-001  2.6015616e-001  1.1141809e-001  2.2158464e-001  1.2987539e-001
 -8.1246585e+000 -6.2921175e-001 -3.3571280e-001 -1.0739813e-002  2.0635991e-001  1.8651230e-001  3.1795027e-001  2.9755383e-001  2.8747034e-001  3.0483234e-001  2.0343012e-001  2.6033810e-001  1.1155729e-001  2.2177993e-001  1.3007112e-001
 -8.1231556e+000 -6.2528756e-001 -3.3256375e-001 -8.7401294e-003  2.0701169e-001  1.8556322e-001  3.1454560e-001  2.9355418e-001  2.8468947e-001  3.0290835e-001  2.0268716e-001  2.6076926e-001  1.1258946e-001  2.2312856e-001  1.3096841e-001
 -8.1237024e+000 -6.2721234e-001 -3.3426236e-001 -1.0380786e-002  2.0581483e-001  1.8527960e-001  3.1603264e-001  2.9581048e-001  2.8662140e-001  3.0432086e-001  2.0346819e-001  2.6086497e-001  1.1214013e-001  2.2250209e-001  1.3066161e-001
 -8.1245103e+000 -6.2852744e-001 -3.3506133e-001 -1.0070446e-002  2.0684991e-001  1.8666473e-001  3.1743746e-001  2.9672341e-001  2.8673111e-001  3.0429539e-001  2.0313910e-001  2.6030651e-001  1.1172550e-001  2.2200120e-001  1.3016828e-001
 -8.1234728e+000 -6.2626182e-001 -3.3338296e-001 -9.4299882e-003  2.0658142e-001  1.8557208e-001  3.1534774e-001  2.9464786e-001  2.8555880e-001  3.0352827e-001  2.0298960e-001  2.6074216e-001  1.1233691e-001  2.2279488e-001  1.3078120e-001
 -8.1239809e+000 -6.2733029e-001 -3.3418470e-001 -9.6557139e-003  2.0685009e-001  1.8619855e-001  3.1631931e-001  2.9554825e-001  2.8601206e-001  3.0382375e-001  2.0302742e-001  2.6052841e-001  1.1207846e-001  2.2245022e-001  1.3048838e-001
 -8.1248122e+000 -6.2945706e-001 -3.3582966e-001 -1.0716167e-002  2.0645480e-001  1.8666402e-001  3.1817225e-001  2.9775591e-001  2.8757770e-001  3.0490187e-001  2.0341644e-001  2.6026602e-001  1.1147199e-001  2.2167042e-001  1.2999027e-001
 -8.1240336e+000 -6.2760558e-001 -3.3442104e-001 -1.0019804e-002  2.0646389e-001  1.8594254e-001  3.1644657e-001  2.9593591e-001  2.8645789e-001  3.0416599e-001  2.0324078e-001  2.6061598e-001  1.1202023e-001  2.2235943e-001  1.3048315e-001
 -8.1238227e+000 -6.2690388e-001 -3.3381875e-001 -9.4504047e-003  2.0686513e-001  1.8605019e-001  3.1596192e-001  2.9515037e-001  2.8575031e-001  3.0363819e-001  2.0295223e-001  2.6057209e-001  1.1217235e-001  2.2257829e-001  1.3058522e-001
 -8.1238426e+000 -6.2728239e-001 -3.3423050e-001 -1.0104940e-002  2.0619994e-001  1.8558181e-001  3.1606470e-001  2.9569022e-001  2.8642894e-001  3.0418451e-001  2.0335511e-001  2.6079670e-001  1.1215783e-001  2.2250731e-001  1.3061937e-001
 -8.1235187e+000 -6.2695982e-001 -3.3414783e-001 -1.0607452e-002  2.0539922e-001  1.8477848e-001  3.1560282e-001  2.9564429e-001  2.8674884e-001  3.0448053e-001  2.0370131e-001  2.6113443e-001  1.1230603e-001  2.2266001e-001  1.3082664e-001
 -8.1246623e+000 -6.2839220e-001 -3.3477039e-001 -9.2069494e-003  2.0794283e-001  1.8757652e-001  3.1762049e-001  2.9627973e-001  2.8596048e-001  3.0364098e-001  2.0254558e-001  2.5985821e-001  1.1161586e-001  2.2196184e-001  1.3001110e-001
 -8.1227796e+000 -6.2579057e-001 -3.3343868e-001 -1.1011073e-002  2.0428466e-001  1.8333578e-001  3.1423462e-001  2.9486882e-001  2.8680900e-001  3.0464450e-001  2.0411030e-001  2.6172768e-001  1.1270655e-001  2.2312729e-001  1.3131623e-001
 -8.1244546e+000 -6.2858046e-001 -3.3518336e-001 -1.0404031e-002  2.0646109e-001  1.8628594e-001  3.1725014e-001  2.9682676e-001  2.8703796e-001  3.0457869e-001  2.0340322e-001  2.6052393e-001  1.1181384e-001  2.2206144e-001  1.3026239e-001
 -8.1236429e+000 -6.2665521e-001 -3.3370172e-001 -9.6607792e-003  2.0646348e-001  1.8558840e-001  3.1559312e-001  2.9500830e-001  2.8585631e-001  3.0376832e-001  2.0315500e-001  2.6080988e-001  1.1231540e-001  2.2271518e-001  1.3073069e-001
 -8.1232883e+000 -6.2612690e-001 -3.3338202e-001 -9.8986925e-003  2.0585737e-001  1.8488328e-001  3.1503822e-001  2.9473522e-001  2.8593802e-001  3.0387097e-001  2.0335015e-001  2.6106647e-001  1.1245799e-001  2.2288733e-001  1.3093624e-001
 -8.1239953e+000 -6.2734433e-001 -3.3415485e-001 -9.6513582e-003  2.0679908e-001  1.8618737e-001  3.1640934e-001  2.9563024e-001  2.8605119e-001  3.0383114e-001  2.0300148e-001  2.6048274e-001  1.1201957e-001  2.2239387e-001  1.3046057e-001
 -8.1226591e+000 -6.2477172e-001 -3.3239822e-001 -9.5725910e-003  2.0563341e-001  1.8416300e-001  3.1373410e-001  2.9348984e-001  2.8527357e-001  3.0345569e-001  2.0331823e-001  2.6138927e-001  1.1286458e-001  2.2338826e-001  1.3132685e-001
 -8.1229879e+000 -6.2615423e-001 -3.3366613e-001 -1.0953009e-002  2.0452659e-001  1.8371904e-001  3.1469479e-001  2.9517544e-001  2.8685023e-001  3.0462571e-001  2.0399708e-001  2.6153937e-001  1.1255662e-001  2.2296158e-001  1.3116382e-001
 -8.1246903e+000 -6.2889077e-001 -3.3532694e-001 -1.0064422e-002  2.0707935e-001  1.8700504e-001  3.1781487e-001  2.9700249e-001  2.8680850e-001  3.0431751e-001  2.0305873e-001  2.6014589e-001  1.1160019e-001  2.2186630e-001  1.3004281e-001
 -8.1248564e+000 -6.2907721e-001 -3.3538922e-001 -9.8789308e-003  2.0738916e-001  1.8732896e-001  3.1803227e-001  2.9706989e-001  2.8672362e-001  3.0423534e-001  2.0294339e-001  2.6002132e-001  1.1153632e-001  2.2178958e-001  1.2995112e-001
 -8.1246399e+000 -6.2913087e-001 -3.3563011e-001 -1.0776322e-002  2.0622408e-001  1.8629532e-001  3.1771462e-001  2.9745194e-001  2.8753162e-001  3.0492753e-001  2.0355966e-001  2.6049337e-001  1.1165678e-001  2.2185603e-001  1.3014872e-001
 -8.1242662e+000 -6.2829466e-001 -3.3501580e-001 -1.0528557e-002  2.0615102e-001  1.8590070e-001  3.1690867e-001  2.9664904e-001  2.8707599e-001  3.0463997e-001  2.0352344e-001  2.6068408e-001  1.1191416e-001  2.2217553e-001  1.3038619e-001
 -8.1227536e+000 -6.2528473e-001 -3.3288445e-001 -1.0225044e-002  2.0502865e-001  1.8376768e-001  3.1392299e-001  2.9412593e-001  2.8602447e-001  3.0405083e-001  2.0371382e-001  2.6157135e-001  1.1280603e-001  2.2327171e-001  1.3132972e-001
 -8.1250562e+000 -6.3021574e-001 -3.3648744e-001 -1.1268678e-002  2.0613067e-001  1.8664811e-001  3.1871752e-001  2.9855854e-001  2.8825347e-001  3.0540619e-001  2.0368816e-001  2.6029418e-001  1.1132185e-001  2.2144385e-001  1.2986773e-001
 -8.1239434e+000 -6.2752888e-001 -3.3441401e-001 -1.0120423e-002  2.0631270e-001  1.8584285e-001  3.1646116e-001  2.9596832e-001  2.8648301e-001  3.0416653e-001  2.0324740e-001  2.6061364e-001  1.1200113e-001  2.2235723e-001  1.3049439e-001
 -8.1241348e+000 -6.2825612e-001 -3.3507960e-001 -1.0852932e-002  2.0572157e-001  1.8554353e-001  3.1683383e-001  2.9678493e-001  2.8732882e-001  3.0483619e-001  2.0368860e-001  2.6079668e-001  1.1191965e-001  2.2218459e-001  1.3044647e-001
 -8.1226722e+000 -6.2489422e-001 -3.3253224e-001 -9.7747563e-003  2.0544175e-001  1.8399784e-001  3.1369878e-001  2.9361961e-001  2.8549330e-001  3.0365170e-001  2.0347702e-001  2.6149784e-001  1.1289226e-001  2.2339140e-001  1.3135479e-001
 -8.1251477e+000 -6.2959226e-001 -3.3571239e-001 -9.7675467e-003  2.0779196e-001  1.8792040e-001  3.1869366e-001  2.9749199e-001  2.8676226e-001  3.0418831e-001  2.0274719e-001  2.5971586e-001  1.1130373e-001  2.2154405e-001  1.2972403e-001
 -8.1245463e+000 -6.2869898e-001 -3.3520186e-001 -1.0243129e-002  2.0668961e-001  1.8658990e-001  3.1757100e-001  2.9696113e-001  2.8695978e-001  3.0445742e-001  2.0321096e-001  2.6029966e-001  1.1165519e-001  2.2192066e-001  1.3013876e-001
 -8.1239070e+000 -6.2683763e-001 -3.3367933e-001 -9.0408230e-003  2.0737452e-001  1.8646283e-001  3.1601352e-001  2.9491334e-001  2.8537423e-001  3.0333738e-001  2.0270914e-001  2.6041105e-001  1.1216067e-001  2.2258359e-001  1.3052355e-001
 -8.1259365e+000 -6.3144109e-001 -3.3712574e-001 -1.0539840e-002  2.0766522e-001  1.8848779e-001  3.2026855e-001  2.9927789e-001  2.8795389e-001  3.0502025e-001  2.0305534e-001  2.5951788e-001  1.1085865e-001  2.2092071e-001  1.2929010e-001
 -8.1240983e+000 -6.2780157e-001 -3.3460911e-001 -1.0178489e-002  2.0637531e-001  1.8592947e-001  3.1655877e-001  2.9612027e-001  2.8662040e-001  3.0430029e-001  2.0334335e-001  2.6066616e-001  1.1201963e-001  2.2232995e-001  1.3046544e-001
 -8.1248700e+000 -6.2919150e-001 -3.3549314e-001 -1.0058516e-002  2.0717448e-001  1.8721136e-001  3.1814759e-001  2.9727815e-001  2.8691731e-001  3.0437530e-001  2.0303537e-001  2.6005449e-001  1.1149634e-001  2.2173125e-001  1.2993492e-001
 -8.1237050e+000 -6.2688574e-001 -3.3389530e-001 -9.7451824e-003  2.0648854e-001  1.8577056e-001  3.1596359e-001  2.9530918e-001  2.8596815e-001  3.0379444e-001  2.0307619e-001  2.6064061e-001  1.1215121e-001  2.2256399e-001  1.3061839e-001
 -8.1246737e+000 -6.2880567e-001 -3.3521875e-001 -1.0047542e-002  2.0698253e-001  1.8687464e-001  3.1771412e-001  2.9694987e-001  2.8682385e-001  3.0434721e-001  2.0310750e-001  2.6021221e-001  1.1163037e-001  2.2188282e-001  1.3007129e-001
 -8.1242445e+000 -6.2816977e-001 -3.3487955e-001 -1.0337752e-002  2.0632603e-001  1.8604082e-001  3.1692469e-001  2.9652122e-001  2.8688093e-001  3.0446569e-001  2.0337473e-001  2.6057846e-001  1.1188128e-001  2.2216935e-001  1.3036137e-001
 -8.1243463e+000 -6.2864531e-001 -3.3532422e-001 -1.0836165e-002  2.0591760e-001  1.8586816e-001  3.1725733e-001  2.9711534e-001  2.8744212e-001  3.0488337e-001  2.0361730e-001  2.6063406e-001  1.1177120e-001  2.2201479e-001  1.3030381e-001
 -8.1242376e+000 -6.2842261e-001 -3.3517328e-001 -1.0792351e-002  2.0587740e-001  1.8574942e-001  3.1704330e-001  2.9691061e-001  2.8733164e-001  3.0481508e-001  2.0361683e-001  2.6069184e-001  1.1184287e-001  2.2210278e-001  1.3036987e-001
 -8.1230828e+000 -6.2561923e-001 -3.3299574e-001 -9.6309620e-003  2.0600729e-001  1.8478546e-001  3.1453358e-001  2.9416602e-001  2.8556403e-001  3.0361713e-001  2.0324165e-001  2.6111490e-001  1.1260658e-001  2.2308739e-001  1.3106728e-001
 -8.1237554e+000 -6.2688200e-001 -3.3386652e-001 -9.6966533e-003  2.0653579e-001  1.8572252e-001  3.1577942e-001  2.9518368e-001  2.8595007e-001  3.0383451e-001  2.0316635e-001  2.6076986e-001  1.1226630e-001  2.2264636e-001  1.3067138e-001
 -8.1234441e+000 -6.2629617e-001 -3.3344830e-001 -9.6271109e-003  2.0633907e-001  1.8533921e-001  3.1524446e-001  2.9472257e-001  2.8575327e-001  3.0370255e-001  2.0314537e-001  2.6086817e-001  1.1238303e-001  2.2282379e-001  1.3083505e-001
 -8.1225441e+000 -6.2459184e-001 -3.3227933e-001 -9.5931579e-003  2.0553309e-001  1.8398455e-001  3.1351030e-001  2.9334818e-001  2.8527050e-001  3.0346401e-001  2.0333611e-001  2.6143247e-001  1.1290142e-001  2.2344985e-001  1.3139523e-001
 -8.1235890e+000 -6.2664179e-001 -3.3373041e-001 -9.7683959e-003  2.0634978e-001  1.8546254e-001  3.1550629e-001  2.9501989e-001  2.8595497e-001  3.0385332e-001  2.0321366e-001  2.6084801e-001  1.1232285e-001  2.2273076e-001  1.3076276e-001
 -8.1238061e+000 -6.2754561e-001 -3.3454033e-001 -1.0660558e-002  2.0559739e-001  1.8519943e-001  3.1625122e-001  2.9619021e-001  2.8697625e-001  3.0458801e-001  2.0361895e-001  2.6089777e-001  1.1207067e-001  2.2239867e-001  1.3061922e-001
 -8.1229671e+000 -6.2588038e-001 -3.3338054e-001 -1.0566920e-002  2.0488796e-001  1.8389286e-001  3.1446067e-001  2.9475708e-001  2.8645914e-001  3.0434706e-001  2.0383395e-001  2.6150721e-001  1.1264507e-001  2.2306729e-001  1.3119550e-001
 -8.1243941e+000 -6.2866132e-001 -3.3530830e-001 -1.0720879e-002  2.0607046e-001  1.8601235e-001  3.1731542e-001  2.9707731e-001  2.8733751e-001  3.0480103e-001  2.0355659e-001  2.6059288e-001  1.1176769e-001  2.2200626e-001  1.3027347e-001
 -8.1233743e+000 -6.2612920e-001 -3.3332618e-001 -9.6322230e-003  2.0622027e-001  1.8517444e-001  3.1506558e-001  2.9458420e-001  2.8570281e-001  3.0369259e-001  2.0321205e-001  2.6098201e-001  1.1247027e-001  2.2290061e-001  1.3089799e-001
 -8.1236780e+000 -6.2706023e-001 -3.3411037e-001 -1.0267104e-002  2.0586360e-001  1.8520672e-001  3.1579424e-001  2.9559162e-001  2.8651830e-001  3.0427846e-001  2.0348663e-001  2.6094665e-001  1.1223404e-001  2.2259114e-001  1.3072432e-001
 -8.1235325e+000 -6.2615091e-001 -3.3320128e-001 -9.0214902e-003  2.0704512e-001  1.8594304e-001  3.1539058e-001  2.9440765e-001  2.8518519e-001  3.0322183e-001  2.0273782e-001  2.6057521e-001  1.1231416e-001  2.2279412e-001  1.3072321e-001
 -8.1237301e+000 -6.2728670e-001 -3.3432120e-001 -1.0452999e-002  2.0574919e-001  1.8522546e-001  3.1603369e-001  2.9587991e-001  2.8672051e-001  3.0440629e-001  2.0353004e-001  2.6090367e-001  1.1214652e-001  2.2249577e-001  1.3066835e-001
 -8.1250404e+000 -6.2935733e-001 -3.3556284e-001 -9.8153201e-003  2.0760076e-001  1.8761621e-001  3.1831811e-001  2.9724897e-001  2.8673117e-001  3.0422996e-001  2.0290377e-001  2.5994569e-001  1.1148349e-001  2.2170394e-001  1.2985462e-001
 -8.1231310e+000 -6.2554036e-001 -3.3288187e-001 -9.3518282e-003  2.0632238e-001  1.8505765e-001  3.1458784e-001  2.9399568e-001  2.8527012e-001  3.0338563e-001  2.0308702e-001  2.6103150e-001  1.1261886e-001  2.2310011e-001  1.3102482e-001
 -8.1250244e+000 -6.2935746e-001 -3.3555494e-001 -9.8355710e-003  2.0755785e-001  1.8759627e-001  3.1836203e-001  2.9730001e-001  2.8677045e-001  3.0424380e-001  2.0288394e-001  2.5990536e-001  1.1143532e-001  2.2166621e-001  1.2983929e-001
 -8.1235159e+000 -6.2679703e-001 -3.3395863e-001 -1.0312349e-002  2.0568847e-001  1.8498528e-001  3.1557113e-001  2.9541792e-001  2.8645503e-001  3.0424189e-001  2.0352122e-001  2.6102973e-001  1.1230334e-001  2.2268056e-001  1.3080543e-001
 -8.1237766e+000 -6.2736693e-001 -3.3439935e-001 -1.0494284e-002  2.0576777e-001  1.8519454e-001  3.1592850e-001  2.9585376e-001  2.8677830e-001  3.0449446e-001  2.0363100e-001  2.6100538e-001  1.1222477e-001  2.2254730e-001  1.3070176e-001
 -8.1241671e+000 -6.2736807e-001 -3.3404956e-001 -9.0438757e-003  2.0766540e-001  1.8691803e-001  3.1656582e-001  2.9534837e-001  2.8553170e-001  3.0340038e-001  2.0259920e-001  2.6017179e-001  1.1195664e-001  2.2236756e-001  1.3033814e-001
 -8.1247986e+000 -6.2890443e-001 -3.3522834e-001 -9.7655653e-003  2.0742728e-001  1.8730091e-001  3.1791031e-001  2.9690837e-001  2.8660043e-001  3.0414111e-001  2.0288687e-001  2.6001231e-001  1.1155675e-001  2.2182791e-001  1.2997837e-001
 -8.1262430e+000 -6.3214390e-001 -3.3762850e-001 -1.0814309e-002  2.0759471e-001  1.8870058e-001  3.2092223e-001  2.9999927e-001  2.8842500e-001  3.0533808e-001  2.0314916e-001  2.5940669e-001  1.1064404e-001  2.2063797e-001  1.2910136e-001
 -8.1229889e+000 -6.2539945e-001 -3.3280772e-001 -9.5686299e-003  2.0593219e-001  1.8466485e-001  3.1439560e-001  2.9401799e-001  2.8546986e-001  3.0354677e-001  2.0322110e-001  2.6114210e-001  1.1263474e-001  2.2312740e-001  1.3110631e-001
 -8.1232239e+000 -6.2574611e-001 -3.3301448e-001 -9.3457453e-003  2.0642286e-001  1.8527162e-001  3.1491263e-001  2.9422801e-001  2.8532488e-001  3.0337617e-001  2.0298901e-001  2.6086792e-001  1.1247656e-001  2.2296597e-001  1.3091877e-001
 -8.1239192e+000 -6.2779317e-001 -3.3473243e-001 -1.0739619e-002  2.0562611e-001  1.8530289e-001  3.1644105e-001  2.9639698e-001  2.8710917e-001  3.0468555e-001  2.0365643e-001  2.6087663e-001  1.1202735e-001  2.2233091e-001  1.3056517e-001
 -8.1251588e+000 -6.2936272e-001 -3.3544551e-001 -9.3729505e-003  2.0816936e-001  1.8814275e-001  3.1854382e-001  2.9712699e-001  2.8637303e-001  3.0389808e-001  2.0256300e-001  2.5965310e-001  1.1136558e-001  2.2162464e-001  1.2973427e-001
 -8.1241150e+000 -6.2811271e-001 -3.3490928e-001 -1.0616564e-002  2.0593243e-001  1.8571109e-001  3.1686001e-001  2.9664317e-001  2.8710790e-001  3.0463471e-001  2.0350484e-001  2.6065986e-001  1.1186829e-001  2.2216566e-001  1.3041171e-001
 -8.1239323e+000 -6.2770117e-001 -3.3461231e-001 -1.0563748e-002  2.0578205e-001  1.8540257e-001  3.1640169e-001  2.9625717e-001  2.8694416e-001  3.0456108e-001  2.0357689e-001  2.6084618e-001  1.1204499e-001  2.2235179e-001  1.3055981e-001
 -8.1234932e+000 -6.2642235e-001 -3.3355888e-001 -9.7020589e-003  2.0630841e-001  1.8536618e-001  3.1535217e-001  2.9484542e-001  2.8583362e-001  3.0376438e-001  2.0318785e-001  2.6087749e-001  1.1236731e-001  2.2279092e-001  1.3080942e-001
 -8.1238343e+000 -6.2726071e-001 -3.3419932e-001 -1.0007363e-002  2.0632115e-001  1.8573920e-001  3.1620834e-001  2.9570282e-001  2.8632486e-001  3.0406478e-001  2.0321949e-001  2.6065966e-001  1.1207351e-001  2.2244871e-001  1.3056168e-001
 -8.1234014e+000 -6.2640898e-001 -3.3361880e-001 -9.9476684e-003  2.0598111e-001  1.8513510e-001  3.1538185e-001  2.9499667e-001  2.8601303e-001  3.0388739e-001  2.0328724e-001  2.6093120e-001  1.1234531e-001  2.2277293e-001  1.3083244e-001
 -8.1242596e+000 -6.2771949e-001 -3.3437756e-001 -9.4517783e-003  2.0727869e-001  1.8671216e-001  3.1677056e-001  2.9578219e-001  2.8596486e-001  3.0374954e-001  2.0286834e-001  2.6031555e-001  1.1193926e-001  2.2228750e-001  1.3031906e-001
 -8.1240672e+000 -6.2790805e-001 -3.3476705e-001 -1.0488020e-002  2.0604118e-001  1.8567242e-001  3.1654537e-001  2.9631162e-001  2.8689864e-001  3.0452857e-001  2.0353278e-001  2.6079233e-001  1.1204066e-001  2.2233123e-001  1.3050585e-001
 -8.1235990e+000 -6.2650930e-001 -3.3356411e-001 -9.4630696e-003  2.0666767e-001  1.8573532e-001  3.1557087e-001  2.9484252e-001  2.8564476e-001  3.0358384e-001  2.0299304e-001  2.6069357e-001  1.1228398e-001  2.2272029e-001  1.3071304e-001
 -8.1239144e+000 -6.2711632e-001 -3.3398298e-001 -9.5619990e-003  2.0681996e-001  1.8605986e-001  3.1607376e-001  2.9533393e-001  2.8591911e-001  3.0377555e-001  2.0303470e-001  2.6059884e-001  1.1215334e-001  2.2253136e-001  1.3055818e-001
 -8.1226010e+000 -6.2495117e-001 -3.3265355e-001 -1.0086539e-002  2.0508510e-001  1.8369944e-001  3.1364246e-001  2.9378908e-001  2.8578284e-001  3.0388099e-001  2.0364771e-001  2.6160171e-001  1.1289446e-001  2.2339181e-001  1.3140512e-001
 -8.1250167e+000 -6.2957240e-001 -3.3579332e-001 -1.0276567e-002  2.0707619e-001  1.8723070e-001  3.1838621e-001  2.9764154e-001  2.8723641e-001  3.0461920e-001  2.0315742e-001  2.6006215e-001  1.1142541e-001  2.2162180e-001  1.2987462e-001
 -8.1257882e+000 -6.3108975e-001 -3.3683783e-001 -1.0362825e-002  2.0771840e-001  1.8840149e-001  3.1998538e-001  2.9894442e-001  2.8772916e-001  3.0485492e-001  2.0296405e-001  2.5951370e-001  1.1090927e-001  2.2101499e-001  1.2935904e-001
 -8.1254014e+000 -6.3099656e-001 -3.3707859e-001 -1.1570575e-002  2.0609421e-001  1.8693239e-001  3.1944595e-001  2.9932490e-001  2.8871285e-001  3.0571591e-001  2.0379573e-001  2.6019553e-001  1.1112692e-001  2.2116917e-001  1.2966751e-001
 -8.1245354e+000 -6.2872377e-001 -3.3526481e-001 -1.0315401e-002  2.0665531e-001  1.8655009e-001  3.1751912e-001  2.9695690e-001  2.8699672e-001  3.0450302e-001  2.0326842e-001  2.6035414e-001  1.1169627e-001  2.2195551e-001  1.3016317e-001
 -8.1238805e+000 -6.2712886e-001 -3.3403390e-001 -9.6819586e-003  2.0668184e-001  1.8596861e-001  3.1609156e-001  2.9540360e-001  2.8599858e-001  3.0383662e-001  2.0309346e-001  2.6063630e-001  1.1215397e-001  2.2252798e-001  1.3056721e-001
 -8.1235426e+000 -6.2618926e-001 -3.3326909e-001 -9.1130631e-003  2.0696548e-001  1.8586736e-001  3.1533405e-001  2.9441462e-001  2.8523604e-001  3.0329252e-001  2.0284640e-001  2.6068613e-001  1.1238820e-001  2.2284139e-001  1.3075541e-001
 -8.1222392e+000 -6.2446103e-001 -3.3238814e-001 -1.0451477e-002  2.0433267e-001  1.8287991e-001  3.1307564e-001  2.9359223e-001  2.8597764e-001  3.0407452e-001  2.0392230e-001  2.6191691e-001  1.1305312e-001  2.2357247e-001  1.3163451e-001
 -8.1246862e+000 -6.2875620e-001 -3.3518425e-001 -9.8673975e-003  2.0726201e-001  1.8709908e-001  3.1770743e-001  2.9679363e-001  2.8660380e-001  3.0417170e-001  2.0297891e-001  2.6013470e-001  1.1164932e-001  2.2192209e-001  1.3005797e-001
 -8.1242450e+000 -6.2815403e-001 -3.3485870e-001 -1.0271450e-002  2.0641092e-001  1.8613329e-001  3.1698332e-001  2.9650723e-001  2.8681066e-001  3.0439418e-001  2.0330207e-001  2.6051274e-001  1.1184936e-001  2.2214973e-001  1.3033589e-001
 -8.1239265e+000 -6.2713778e-001 -3.3401768e-001 -9.5300174e-003  2.0691322e-001  1.8615466e-001  3.1610680e-001  2.9531350e-001  2.8586029e-001  3.0372994e-001  2.0300409e-001  2.6057530e-001  1.1215734e-001  2.2253751e-001  1.3054455e-001
 -8.1238371e+000 -6.2677507e-001 -3.3367150e-001 -9.1625326e-003  2.0718908e-001  1.8628253e-001  3.1591654e-001  2.9491209e-001  2.8545319e-001  3.0341088e-001  2.0279469e-001  2.6049290e-001  1.1219607e-001  2.2261642e-001  1.3056817e-001
 -8.1245688e+000 -6.2882095e-001 -3.3533616e-001 -1.0400621e-002  2.0656518e-001  1.8651438e-001  3.1760598e-001  2.9708863e-001  2.8710953e-001  3.0458597e-001  2.0331711e-001  2.6036519e-001  1.1166756e-001  2.2191225e-001  1.3014397e-001
 -8.1242123e+000 -6.2831703e-001 -3.3507207e-001 -1.0696358e-002  2.0593572e-001  1.8577504e-001  3.1699705e-001  2.9680474e-001  2.8721818e-001  3.0472496e-001  2.0356352e-001  2.6067489e-001  1.1185557e-001  2.2212525e-001  1.3037742e-001
 -8.1234400e+000 -6.2679597e-001 -3.3400695e-001 -1.0621227e-002  2.0524578e-001  1.8459317e-001  3.1546151e-001  2.9555969e-001  2.8674663e-001  3.0448470e-001  2.0373401e-001  2.6119321e-001  1.1233692e-001  2.2269718e-001  1.3087717e-001
 -8.1239023e+000 -6.2733393e-001 -3.3422950e-001 -9.8947307e-003  2.0653305e-001  1.8591516e-001  3.1624703e-001  2.9567593e-001  2.8625880e-001  3.0400919e-001  2.0314438e-001  2.6058992e-001  1.1205752e-001  2.2243916e-001  1.3053421e-001
 -8.1231684e+000 -6.2628067e-001 -3.3365787e-001 -1.0568264e-002  2.0508579e-001  1.8425284e-001  3.1494521e-001  2.9511542e-001  2.8655744e-001  3.0437560e-001  2.0375095e-001  2.6132643e-001  1.1248258e-001  2.2288580e-001  1.3103627e-001
 -8.1239394e+000 -6.2794744e-001 -3.3489332e-001 -1.0958265e-002  2.0542492e-001  1.8517685e-001  3.1650457e-001  2.9659251e-001  2.8733332e-001  3.0486644e-001  2.0378843e-001  2.6094383e-001  1.1201638e-001  2.2229893e-001  1.3056663e-001
 -8.1246052e+000 -6.2821797e-001 -3.3464866e-001 -9.1817518e-003  2.0789003e-001  1.8741462e-001  3.1732815e-001  2.9605206e-001  2.8588007e-001  3.0363047e-001  2.0263406e-001  2.6001829e-001  1.1176477e-001  2.2209650e-001  1.3010811e-001
 -8.1243055e+000 -6.2804987e-001 -3.3469889e-001 -9.9199277e-003  2.0680577e-001  1.8643967e-001  3.1698560e-001  2.9627021e-001  2.8646882e-001  3.0412596e-001  2.0311245e-001  2.6041139e-001  1.1186938e-001  2.2217997e-001  1.3030288e-001
 -8.1236626e+000 -6.2701741e-001 -3.3407773e-001 -1.0207268e-002  2.0592327e-001  1.8528930e-001  3.1586562e-001  2.9557506e-001  2.8642715e-001  3.0418724e-001  2.0341209e-001  2.6088549e-001  1.1220630e-001  2.2257561e-001  1.3069958e-001
 -8.1231701e+000 -6.2607142e-001 -3.3341117e-001 -1.0131184e-002  2.0555736e-001  1.8459730e-001  3.1490895e-001  2.9479020e-001  2.8613088e-001  3.0402401e-001  2.0346563e-001  2.6114510e-001  1.1246583e-001  2.2291022e-001  1.3099839e-001
 -8.1229915e+000 -6.2555924e-001 -3.3301993e-001 -9.8248947e-003  2.0574248e-001  1.8455004e-001  3.1443627e-001  2.9419540e-001  2.8568349e-001  3.0372503e-001  2.0336758e-001  2.6122888e-001  1.1265326e-001  2.2312775e-001  1.3112205e-001
 -8.1243162e+000 -6.2788249e-001 -3.3449272e-001 -9.4897428e-003  2.0730724e-001  1.8683506e-001  3.1701372e-001  2.9598908e-001  2.8605398e-001  3.0377388e-001  2.0280478e-001  2.6019038e-001  1.1182009e-001  2.2217849e-001  1.3024314e-001
 -8.1252233e+000 -6.3104488e-001 -3.3726704e-001 -1.2196553e-002  2.0532665e-001  1.8625186e-001  3.1925361e-001  2.9961089e-001  2.8929246e-001  3.0619444e-001  2.0416711e-001  2.6043941e-001  1.1114614e-001  2.2117892e-001  1.2978629e-001
 -8.1227681e+000 -6.2536755e-001 -3.3297730e-001 -1.0262347e-002  2.0504794e-001  1.8387502e-001  3.1411229e-001  2.9424750e-001  2.8602739e-001  3.0402315e-001  2.0366807e-001  2.6149630e-001  1.1274418e-001  2.2321608e-001  1.3127750e-001
 -8.1231078e+000 -6.2581671e-001 -3.3320114e-001 -9.9040051e-003  2.0575623e-001  1.8463858e-001  3.1463800e-001  2.9442918e-001  2.8584879e-001  3.0384015e-001  2.0339620e-001  2.6118474e-001  1.1258130e-001  2.2303801e-001  1.3106147e-001
 -8.1246714e+000 -6.2909165e-001 -3.3556728e-001 -1.0559862e-002  2.0652551e-001  1.8651952e-001  3.1769525e-001  2.9729353e-001  2.8733159e-001  3.0477303e-001  2.0342886e-001  2.6040566e-001  1.1165726e-001  2.2187341e-001  1.3012558e-001
 -8.1234474e+000 -6.2705224e-001 -3.3430104e-001 -1.1057146e-002  2.0483926e-001  1.8429380e-001  3.1549219e-001  2.9588762e-001  2.8719037e-001  3.0485095e-001  2.0400506e-001  2.6134646e-001  1.1233965e-001  2.2266722e-001  1.3090932e-001
 -8.1256099e+000 -6.3062148e-001 -3.3647723e-001 -1.0158211e-002  2.0775065e-001  1.8825285e-001  3.1956337e-001  2.9846550e-001  2.8740234e-001  3.0464005e-001  2.0292006e-001  2.5961668e-001  1.1106835e-001  2.2120207e-001  1.2948149e-001
 -8.1232687e+000 -6.2660392e-001 -3.3395270e-001 -1.0810662e-002  2.0496603e-001  1.8423505e-001  3.1511589e-001  2.9541866e-001  2.8684659e-001  3.0460437e-001  2.0388768e-001  2.6136427e-001  1.1244654e-001  2.2281909e-001  1.3100344e-001
 -8.1234536e+000 -6.2587061e-001 -3.3298369e-001 -8.8564661e-003  2.0712063e-001  1.8590013e-001  3.1512907e-001  2.9407346e-001  2.8492250e-001  3.0305902e-001  2.0272431e-001  2.6067485e-001  1.1245539e-001  2.2293216e-001  1.3079839e-001
 -8.1242288e+000 -6.2763800e-001 -3.3429606e-001 -9.4065828e-003  2.0728456e-001  1.8667346e-001  3.1668488e-001  2.9570657e-001  2.8593604e-001  3.0372692e-001  2.0284453e-001  2.6030992e-001  1.1194438e-001  2.2230492e-001  1.3033928e-001
 -8.1225162e+000 -6.2487524e-001 -3.3263001e-001 -1.0265961e-002  2.0479015e-001  1.8342341e-001  3.1352771e-001  2.9382359e-001  2.8592495e-001  3.0399906e-001  2.0376619e-001  2.6170628e-001  1.1292580e-001  2.2342249e-001  1.3146644e-001
 -8.1223793e+000 -6.2478656e-001 -3.3262984e-001 -1.0583601e-002  2.0431199e-001  1.8296459e-001  3.1332611e-001  2.9389645e-001  2.8620136e-001  3.0423531e-001  2.0398193e-001  2.6188358e-001  1.1297352e-001  2.2346671e-001  1.3156496e-001
 -8.1234002e+000 -6.2656510e-001 -3.3379602e-001 -1.0284522e-002  2.0560194e-001  1.8485759e-001  3.1541248e-001  2.9525305e-001  2.8634715e-001  3.0415933e-001  2.0350558e-001  2.6106886e-001  1.1235279e-001  2.2274921e-001  1.3086156e-001
 -8.1236528e+000 -6.2709795e-001 -3.3417585e-001 -1.0375849e-002  2.0576111e-001  1.8515951e-001  3.1585464e-001  2.9568832e-001  2.8660123e-001  3.0432761e-001  2.0350802e-001  2.6093625e-001  1.1220220e-001  2.2256646e-001  1.3071842e-001
 -8.1236408e+000 -6.2663620e-001 -3.3366986e-001 -9.6206552e-003  2.0649998e-001  1.8559574e-001  3.1556098e-001  2.9497304e-001  2.8584255e-001  3.0376275e-001  2.0314099e-001  2.6079790e-001  1.1230836e-001  2.2271148e-001  1.3072933e-001
 -8.1242900e+000 -6.2807682e-001 -3.3473649e-001 -9.9849489e-003  2.0676099e-001  1.8636488e-001  3.1690812e-001  2.9628073e-001  2.8656175e-001  3.0421024e-001  2.0315931e-001  2.6043655e-001  1.1187333e-001  2.2218762e-001  1.3032439e-001
 -8.1242455e+000 -6.2812815e-001 -3.3484136e-001 -1.0191004e-002  2.0653847e-001  1.8622509e-001  3.1696059e-001  2.9642755e-001  2.8671913e-001  3.0432532e-001  2.0324952e-001  2.6048093e-001  1.1185835e-001  2.2216833e-001  1.3033235e-001
 -8.1244831e+000 -6.2885021e-001 -3.3546724e-001 -1.0814023e-002  2.0607120e-001  1.8601744e-001  3.1732638e-001  2.9717750e-001  2.8747204e-001  3.0492842e-001  2.0365258e-001  2.6065623e-001  1.1180085e-001  2.2201229e-001  1.3027911e-001
 -8.1229955e+000 -6.2597051e-001 -3.3348082e-001 -1.0601469e-002  2.0492581e-001  1.8398063e-001  3.1457033e-001  2.9482943e-001  2.8646632e-001  3.0434903e-001  2.0383412e-001  2.6148870e-001  1.1262987e-001  2.2304433e-001  1.3116393e-001
 -8.1259142e+000 -6.3067177e-001 -3.3625792e-001 -9.2401072e-003  2.0894155e-001  1.8930244e-001  3.1990956e-001  2.9814530e-001  2.8666774e-001  3.0401359e-001  2.0233264e-001  2.5915469e-001  1.1093747e-001  2.2110809e-001  1.2927109e-001
 -8.1239939e+000 -6.2764113e-001 -3.3450342e-001 -1.0223252e-002  2.0622673e-001  1.8575039e-001  3.1641218e-001  2.9603725e-001  2.8662883e-001  3.0431094e-001  2.0337157e-001  2.6071210e-001  1.1204364e-001  2.2236933e-001  1.3051667e-001
 -8.1250637e+000 -6.3004154e-001 -3.3629274e-001 -1.0952494e-002  2.0645043e-001  1.8687423e-001  3.1866108e-001  2.9829293e-001  2.8791880e-001  3.0514086e-001  2.0351011e-001  2.6021150e-001  1.1135324e-001  2.2149570e-001  1.2985945e-001
 -8.1233789e+000 -6.2637528e-001 -3.3359212e-001 -9.9870236e-003  2.0591175e-001  1.8499607e-001  3.1520653e-001  2.9493189e-001  2.8608258e-001  3.0397375e-001  2.0336919e-001  2.6101630e-001  1.1239704e-001  2.2281777e-001  1.3088342e-001
 -8.1241229e+000 -6.2759259e-001 -3.3433982e-001 -9.6182536e-003  2.0700947e-001  1.8646358e-001  3.1666746e-001  2.9579556e-001  2.8607001e-001  3.0382286e-001  2.0293074e-001  2.6036375e-001  1.1193850e-001  2.2230711e-001  1.3037000e-001
 -8.1242810e+000 -6.2824954e-001 -3.3495358e-001 -1.0324997e-002  2.0641349e-001  1.8616044e-001  3.1703068e-001  2.9657178e-001  2.8686046e-001  3.0444048e-001  2.0334120e-001  2.6053250e-001  1.1185646e-001  2.2214352e-001  1.3032609e-001
 -8.1235269e+000 -6.2662365e-001 -3.3375951e-001 -9.9824018e-003  2.0602419e-001  1.8521438e-001  3.1550080e-001  2.9513891e-001  2.8611696e-001  3.0398134e-001  2.0334711e-001  2.6095191e-001  1.1233775e-001  2.2273042e-001  1.3079540e-001
 -8.1223226e+000 -6.2454093e-001 -3.3241084e-001 -1.0280839e-002  2.0459584e-001  1.8318032e-001  3.1329433e-001  2.9361850e-001  2.8582578e-001  3.0392818e-001  2.0377553e-001  2.6177475e-001  1.1298331e-001  2.2350626e-001  1.3154657e-001
 -8.1235216e+000 -6.2639227e-001 -3.3348485e-001 -9.5749049e-003  2.0642367e-001  1.8545403e-001  3.1536880e-001  2.9479069e-001  2.8574556e-001  3.0369158e-001  2.0312101e-001  2.6083084e-001  1.1235109e-001  2.2277656e-001  1.3078845e-001
 -8.1234871e+000 -6.2696317e-001 -3.3414979e-001 -1.0731779e-002  2.0520499e-001  1.8459283e-001  3.1554576e-001  2.9571582e-001  2.8690630e-001  3.0460633e-001  2.0378339e-001  2.6118252e-001  1.1229350e-001  2.2264706e-001  1.3085376e-001
 -8.1247457e+000 -6.2946941e-001 -3.3591034e-001 -1.0972402e-002  2.0614099e-001  1.8637732e-001  3.1806027e-001  2.9784159e-001  2.8779313e-001  3.0509461e-001  2.0359886e-001  2.6041311e-001  1.1152352e-001  2.2170549e-001  1.3005306e-001
 -8.1226276e+000 -6.2462356e-001 -3.3228131e-001 -9.3975575e-003  2.0584056e-001  1.8424501e-001  3.1354326e-001  2.9322642e-001  2.8506527e-001  3.0331780e-001  2.0324854e-001  2.6139410e-001  1.1294183e-001  2.2348019e-001  1.3136726e-001
 -8.1230847e+000 -6.2573699e-001 -3.3313804e-001 -9.8388415e-003  2.0580128e-001  1.8467635e-001  3.1463016e-001  2.9435698e-001  2.8574523e-001  3.0375315e-001  2.0334765e-001  2.6116714e-001  1.1259259e-001  2.2305708e-001  1.3106351e-001
 -8.1238291e+000 -6.2706141e-001 -3.3400508e-001 -9.7023226e-003  2.0665097e-001  1.8589461e-001  3.1597399e-001  2.9533070e-001  2.8599978e-001  3.0384897e-001  2.0311302e-001  2.6066693e-001  1.1218326e-001  2.2256735e-001  1.3060322e-001
 -8.1250858e+000 -6.2986052e-001 -3.3606528e-001 -1.0465158e-002  2.0701318e-001  1.8734736e-001  3.1874740e-001  2.9799993e-001  2.8743068e-001  3.0471962e-001  2.0315328e-001  2.5995454e-001  1.1129301e-001  2.2148708e-001  1.2978074e-001
 -8.1244309e+000 -6.2785322e-001 -3.3439466e-001 -9.0793762e-003  2.0785427e-001  1.8729190e-001  3.1708013e-001  2.9574851e-001  2.8565247e-001  3.0346237e-001  2.0257869e-001  2.6005635e-001  1.1184210e-001  2.2220602e-001  1.3018360e-001
 -8.1247406e+000 -6.2889845e-001 -3.3528159e-001 -9.9707291e-003  2.0715357e-001  1.8708248e-001  3.1787346e-001  2.9699732e-001  2.8674791e-001  3.0426444e-001  2.0301749e-001  2.6011951e-001  1.1158968e-001  2.2184694e-001  1.3001853e-001
 -8.1231495e+000 -6.2579183e-001 -3.3314706e-001 -9.7428414e-003  2.0595222e-001  1.8479950e-001  3.1465589e-001  2.9433180e-001  2.8569232e-001  3.0371784e-001  2.0331034e-001  2.6113915e-001  1.1259358e-001  2.2305070e-001  1.3104198e-001
 -8.1234389e+000 -6.2687034e-001 -3.3409128e-001 -1.0700300e-002  2.0521337e-001  1.8458528e-001  3.1550150e-001  2.9564247e-001  2.8683581e-001  3.0454644e-001  2.0374950e-001  2.6117312e-001  1.1230505e-001  2.2267180e-001  1.3086762e-001
 -8.1240921e+000 -6.2768551e-001 -3.3445563e-001 -9.8900773e-003  2.0668635e-001  1.8621226e-001  3.1667102e-001  2.9599465e-001  2.8635158e-001  3.0404376e-001  2.0308779e-001  2.6045058e-001  1.1192236e-001  2.2227804e-001  1.3039527e-001
 -8.1242550e+000 -6.2714829e-001 -3.3373922e-001 -8.4133540e-003  2.0835378e-001  1.8743742e-001  3.1654203e-001  2.9489976e-001  2.8491442e-001  3.0292272e-001  2.0226597e-001  2.5999935e-001  1.1199491e-001  2.2242472e-001  1.3028491e-001
 -8.1239637e+000 -6.2788216e-001 -3.3480276e-001 -1.0807112e-002  2.0556607e-001  1.8527880e-001  3.1648871e-001  2.9648123e-001  2.8718345e-001  3.0475211e-001  2.0372137e-001  2.6092275e-001  1.1203985e-001  2.2232121e-001  1.3056083e-001
 -8.1247858e+000 -6.2951202e-001 -3.3592715e-001 -1.0950963e-002  2.0617597e-001  1.8642761e-001  3.1811109e-001  2.9786646e-001  2.8778175e-001  3.0508419e-001  2.0359289e-001  2.6040768e-001  1.1152185e-001  2.2169479e-001  1.3003816e-001
 -8.1252508e+000 -6.2984638e-001 -3.3592152e-001 -9.9547616e-003  2.0765081e-001  1.8787940e-001  3.1884955e-001  2.9774961e-001  2.8698880e-001  3.0437253e-001  2.0288477e-001  2.5978605e-001  1.1129617e-001  2.2149077e-001  1.2969683e-001
 -8.1225140e+000 -6.2491453e-001 -3.3268350e-001 -1.0306742e-002  2.0476663e-001  1.8346661e-001  3.1365035e-001  2.9390781e-001  2.8593443e-001  3.0398845e-001  2.0374969e-001  2.6167103e-001  1.1288864e-001  2.2338595e-001  1.3143427e-001
 -8.1227838e+000 -6.2558111e-001 -3.3319595e-001 -1.0600410e-002  2.0470669e-001  1.8364782e-001  3.1420413e-001  2.9455990e-001  2.8639494e-001  3.0430782e-001  2.0385692e-001  2.6158116e-001  1.1270780e-001  2.2315745e-001  1.3128275e-001
 -8.1232159e+000 -6.2657389e-001 -3.3396546e-001 -1.0941228e-002  2.0478703e-001  1.8405810e-001  3.1502238e-001  2.9543652e-001  2.8695067e-001  3.0469724e-001  2.0397864e-001  2.6144333e-001  1.1247795e-001  2.2284878e-001  1.3104871e-001
 -8.1240720e+000 -6.2767113e-001 -3.3445966e-001 -1.0047166e-002  2.0642795e-001  1.8595483e-001  3.1654043e-001  2.9602369e-001  2.8649758e-001  3.0419195e-001  2.0326093e-001  2.6061961e-001  1.1200356e-001  2.2232705e-001  1.3045950e-001
 -8.1221126e+000 -6.2376557e-001 -3.3170689e-001 -9.5972642e-003  2.0508545e-001  1.8330035e-001  3.1270439e-001  2.9271519e-001  2.8504868e-001  3.0335880e-001  2.0345249e-001  2.6172895e-001  1.1315546e-001  2.2374281e-001  1.3166074e-001
 -8.1246640e+000 -6.2838071e-001 -3.3476241e-001 -9.2513529e-003  2.0785146e-001  1.8748974e-001  3.1757763e-001  2.9627989e-001  2.8599039e-001  3.0368029e-001  2.0261387e-001  2.5993498e-001  1.1166054e-001  2.2198771e-001  1.3003525e-001
 -8.1245034e+000 -6.2835768e-001 -3.3489074e-001 -9.7121390e-003  2.0728423e-001  1.8699949e-001  3.1742139e-001  2.9643879e-001  2.8634000e-001  3.0397181e-001  2.0288451e-001  2.6014266e-001  1.1171891e-001  2.2203767e-001  1.3013736e-001
 -8.1238101e+000 -6.2714664e-001 -3.3411211e-001 -9.9465620e-003  2.0635463e-001  1.8567190e-001  3.1598997e-001  2.9551274e-001  2.8624043e-001  3.0404040e-001  2.0326397e-001  2.6076037e-001  1.1218199e-001  2.2254780e-001  1.3062635e-001
 -8.1236702e+000 -6.2688238e-001 -3.3393497e-001 -9.9713139e-003  2.0617337e-001  1.8543233e-001  3.1574482e-001  2.9532600e-001  2.8617704e-001  3.0401305e-001  2.0331874e-001  2.6087251e-001  1.1227021e-001  2.2264426e-001  1.3071366e-001
 -8.1254271e+000 -6.3024682e-001 -3.3622156e-001 -1.0014489e-002  2.0781364e-001  1.8815961e-001  3.1921954e-001  2.9808422e-001  2.8715690e-001  3.0446527e-001  2.0283862e-001  2.5963425e-001  1.1115519e-001  2.2134013e-001  1.2957571e-001
 -8.1234629e+000 -6.2684792e-001 -3.3405906e-001 -1.0607560e-002  2.0532881e-001  1.8465715e-001  3.1545947e-001  2.9555117e-001  2.8674112e-001  3.0448844e-001  2.0372935e-001  2.6118381e-001  1.1234279e-001  2.2270263e-001  1.3087126e-001
 -8.1236092e+000 -6.2665304e-001 -3.3372466e-001 -9.7048783e-003  2.0643740e-001  1.8556040e-001  3.1557450e-001  2.9501942e-001  2.8589519e-001  3.0379482e-001  2.0315583e-001  2.6079430e-001  1.1229663e-001  2.2270950e-001  1.3073482e-001
 -8.1251101e+000 -6.3019140e-001 -3.3640621e-001 -1.1056129e-002  2.0636186e-001  1.8688122e-001  3.1884645e-001  2.9850417e-001  2.8806058e-001  3.0522931e-001  2.0353492e-001  2.6017537e-001  1.1127816e-001  2.2140900e-001  1.2980950e-001
 -8.1246804e+000 -6.2906008e-001 -3.3549772e-001 -1.0487907e-002  2.0653058e-001  1.8659773e-001  3.1787114e-001  2.9735726e-001  2.8726054e-001  3.0467584e-001  2.0333316e-001  2.6031161e-001  1.1158163e-001  2.2180554e-001  1.3007182e-001
 -8.1242652e+000 -6.2792136e-001 -3.3458495e-001 -9.8091816e-003  2.0689285e-001  1.8645089e-001  3.1686377e-001  2.9611168e-001  2.8635163e-001  3.0404235e-001  2.0306012e-001  2.6040175e-001  1.1189724e-001  2.2222361e-001  1.3032750e-001
 -8.1244154e+000 -6.2816491e-001 -3.3474557e-001 -9.7051923e-003  2.0717808e-001  1.8681122e-001  3.1717872e-001  2.9626303e-001  2.8629840e-001  3.0397002e-001  2.0294166e-001  2.6024876e-001  1.1180534e-001  2.2212479e-001  1.3021453e-001
 -8.1251446e+000 -6.2949487e-001 -3.3560927e-001 -9.6056841e-003  2.0795417e-001  1.8803088e-001  3.1865777e-001  2.9734979e-001  2.8658794e-001  3.0405011e-001  2.0265385e-001  2.5967195e-001  1.1131967e-001  2.2157288e-001  1.2972220e-001
 -8.1236658e+000 -6.2689749e-001 -3.3394961e-001 -9.9706079e-003  2.0619040e-001  1.8547914e-001  3.1581784e-001  2.9536711e-001  2.8617268e-001  3.0398855e-001  2.0327311e-001  2.6081471e-001  1.1222693e-001  2.2261402e-001  1.3069112e-001
 -8.1228586e+000 -6.2550623e-001 -3.3305377e-001 -1.0209161e-002  2.0518057e-001  1.8404407e-001  3.1427294e-001  2.9434045e-001  2.8602488e-001  3.0400604e-001  2.0361613e-001  2.6142147e-001  1.1269175e-001  2.2315691e-001  1.3121887e-001
 -8.1236339e+000 -6.2709156e-001 -3.3416099e-001 -1.0393547e-002  2.0571669e-001  1.8512661e-001  3.1587696e-001  2.9572932e-001  2.8664600e-001  3.0434850e-001  2.0349282e-001  2.6090202e-001  1.1215895e-001  2.2253366e-001  1.3070838e-001
 -8.1257583e+000 -6.3099191e-001 -3.3676169e-001 -1.0303980e-002  2.0774763e-001  1.8839715e-001  3.1991146e-001  2.9883756e-001  2.8763609e-001  3.0478893e-001  2.0294374e-001  2.5953106e-001  1.1094689e-001  2.2105750e-001  1.2938137e-001
 -8.1236417e+000 -6.2714424e-001 -3.3422129e-001 -1.0499823e-002  2.0560242e-001  1.8503184e-001  3.1585726e-001  2.9579041e-001  2.8674736e-001  3.0444110e-001  2.0358122e-001  2.6097181e-001  1.1218511e-001  2.2254388e-001  1.3072803e-001
 -8.1230196e+000 -6.2554972e-001 -3.3298428e-001 -9.7534231e-003  2.0580473e-001  1.8459925e-001  3.1444514e-001  2.9416167e-001  2.8562581e-001  3.0368425e-001  2.0334734e-001  2.6122665e-001  1.1266390e-001  2.2313011e-001  1.3111350e-001
 -8.1238037e+000 -6.2711329e-001 -3.3407160e-001 -9.8987174e-003  2.0638927e-001  1.8570781e-001  3.1601284e-001  2.9549348e-001  2.8619317e-001  3.0399245e-001  2.0321824e-001  2.6072296e-001  1.1216224e-001  2.2253656e-001  1.3061490e-001
 -8.1237353e+000 -6.2672316e-001 -3.3370496e-001 -9.4690153e-003  2.0675593e-001  1.8585533e-001  3.1569482e-001  2.9496145e-001  2.8570894e-001  3.0365008e-001  2.0304205e-001  2.6071449e-001  1.1228917e-001  2.2268746e-001  1.3067313e-001
 -8.1242392e+000 -6.2829090e-001 -3.3504088e-001 -1.0644641e-002  2.0598265e-001  1.8577753e-001  3.1690902e-001  2.9670900e-001  2.8715304e-001  3.0470481e-001  2.0360222e-001  2.6075123e-001  1.1193357e-001  2.2218197e-001  1.3040432e-001
 -8.1238244e+000 -6.2714173e-001 -3.3408787e-001 -9.9149698e-003  2.0639425e-001  1.8563658e-001  3.1586161e-001  2.9543872e-001  2.8625752e-001  3.0408006e-001  2.0329683e-001  2.6080249e-001  1.1221960e-001  2.2257996e-001  1.3065488e-001
 -8.1220183e+000 -6.2376472e-001 -3.3181488e-001 -9.9228844e-003  2.0472693e-001  1.8291751e-001  3.1244097e-001  2.9274474e-001  2.8531618e-001  3.0361313e-001  2.0370015e-001  2.6194685e-001  1.1326722e-001  2.2384260e-001  1.3177996e-001
 -8.1227946e+000 -6.2519880e-001 -3.3275493e-001 -9.9032956e-003  2.0540400e-001  1.8409672e-001  3.1400970e-001  2.9395399e-001  2.8570471e-001  3.0378136e-001  2.0349588e-001  2.6141919e-001  1.1277534e-001  2.2325932e-001  1.3126816e-001
 -8.1233182e+000 -6.2634403e-001 -3.3361811e-001 -1.0091728e-002  2.0578557e-001  1.8491675e-001  3.1522217e-001  2.9497601e-001  2.8612443e-001  3.0399385e-001  2.0339117e-001  2.6102606e-001  1.1238906e-001  2.2281989e-001  1.3089498e-001
 -8.1231990e+000 -6.2591419e-001 -3.3322663e-001 -9.7442363e-003  2.0600494e-001  1.8491941e-001  3.1484864e-001  2.9447495e-001  2.8573649e-001  3.0372296e-001  2.0325585e-001  2.6104047e-001  1.1250208e-001  2.2296339e-001  1.3097534e-001
 -8.1233494e+000 -6.2603480e-001 -3.3323521e-001 -9.4715383e-003  2.0640765e-001  1.8531419e-001  3.1505741e-001  2.9446067e-001  2.8553900e-001  3.0354806e-001  2.0307673e-001  2.6087976e-001  1.1244163e-001  2.2290169e-001  1.3087970e-001
 -8.1246894e+000 -6.2962687e-001 -3.3614099e-001 -1.1434166e-002  2.0563887e-001  1.8599587e-001  3.1806103e-001  2.9814371e-001  2.8822016e-001  3.0543892e-001  2.0386543e-001  2.6057404e-001  1.1152607e-001  2.2168399e-001  1.3010151e-001
 -8.1226068e+000 -6.2468071e-001 -3.3234882e-001 -9.5686796e-003  2.0561236e-001  1.8411480e-001  3.1364749e-001  2.9340648e-001  2.8522729e-001  3.0342711e-001  2.0332080e-001  2.6141511e-001  1.1289651e-001  2.2342747e-001  1.3135497e-001
 -8.1239664e+000 -6.2749105e-001 -3.3436275e-001 -1.0050163e-002  2.0637546e-001  1.8583518e-001  3.1633625e-001  2.9585091e-001  2.8642583e-001  3.0415571e-001  2.0328022e-001  2.6068352e-001  1.1207469e-001  2.2241346e-001  1.3052570e-001
 -8.1246969e+000 -6.2864428e-001 -3.3503924e-001 -9.6179235e-003  2.0751575e-001  1.8729872e-001  3.1772418e-001  2.9663473e-001  2.8636446e-001  3.0396879e-001  2.0281292e-001  2.6002405e-001  1.1162776e-001  2.2192268e-001  1.3002768e-001
 -8.1232480e+000 -6.2606581e-001 -3.3334426e-001 -9.8230181e-003  2.0597335e-001  1.8496893e-001  3.1502662e-001  2.9466252e-001  2.8585089e-001  3.0378500e-001  2.0325115e-001  2.6097859e-001  1.1242367e-001  2.2288547e-001  1.3092663e-001
 -8.1239762e+000 -6.2817911e-001 -3.3511313e-001 -1.1202712e-002  2.0523619e-001  1.8509266e-001  3.1665937e-001  2.9688583e-001  2.8762346e-001  3.0507711e-001  2.0388906e-001  2.6094388e-001  1.1194234e-001  2.2221452e-001  1.3053707e-001
 -8.1257977e+000 -6.3136445e-001 -3.3714121e-001 -1.0846372e-002  2.0723377e-001  1.8804290e-001  3.2002438e-001  2.9932255e-001  2.8823481e-001  3.0526852e-001  2.0326737e-001  2.5968779e-001  1.1090745e-001  2.2096960e-001  1.2939222e-001
 -8.1233530e+000 -6.2676333e-001 -3.3404873e-001 -1.0801019e-002  2.0504532e-001  1.8437094e-001  3.1530187e-001  2.9556287e-001  2.8689609e-001  3.0462144e-001  2.0384845e-001  2.6128344e-001  1.1237258e-001  2.2274015e-001  1.3093999e-001
 -8.1228098e+000 -6.2536163e-001 -3.3293969e-001 -1.0092726e-002  2.0528214e-001  1.8407124e-001  3.1414717e-001  2.9415872e-001  2.8587556e-001  3.0389971e-001  2.0355947e-001  2.6141721e-001  1.1273228e-001  2.2321222e-001  1.3124537e-001
 -8.1241400e+000 -6.2824463e-001 -3.3507354e-001 -1.0807229e-002  2.0578608e-001  1.8561846e-001  3.1687753e-001  2.9676622e-001  2.8725819e-001  3.0477249e-001  2.0364485e-001  2.6076671e-001  1.1191660e-001  2.2218538e-001  1.3043270e-001
 -8.1247958e+000 -6.2955490e-001 -3.3595436e-001 -1.1025983e-002  2.0606837e-001  1.8634468e-001  3.1812464e-001  2.9794340e-001  2.8788042e-001  3.0516373e-001  2.0365036e-001  2.6044094e-001  1.1151408e-001  2.2167574e-001  1.3004107e-001
 -8.1243066e+000 -6.2741395e-001 -3.3399086e-001 -8.7219550e-003  2.0806654e-001  1.8732071e-001  3.1677834e-001  2.9527812e-001  2.8524275e-001  3.0315739e-001  2.0240857e-001  2.6003201e-001  1.1192314e-001  2.2232525e-001  1.3024503e-001
 -8.1235901e+000 -6.2651766e-001 -3.3358064e-001 -9.4882610e-003  2.0664517e-001  1.8573350e-001  3.1560111e-001  2.9487208e-001  2.8566077e-001  3.0358928e-001  2.0299006e-001  2.6068130e-001  1.1226823e-001  2.2270773e-001  1.3070591e-001
 -8.1244758e+000 -6.2897646e-001 -3.3559220e-001 -1.1027751e-002  2.0582306e-001  1.8591045e-001  3.1752561e-001  2.9745538e-001  2.8769342e-001  3.0506656e-001  2.0371198e-001  2.6063340e-001  1.1170548e-001  2.2191233e-001  1.3023907e-001
 -8.1251919e+000 -6.2973589e-001 -3.3585124e-001 -9.9741733e-003  2.0758664e-001  1.8773357e-001  3.1862894e-001  2.9761423e-001  2.8699074e-001  3.0440556e-001  2.0294752e-001  2.5987701e-001  1.1137130e-001  2.2156856e-001  1.2976606e-001
 -8.1251711e+000 -6.2962068e-001 -3.3573724e-001 -9.8601907e-003  2.0766963e-001  1.8773380e-001  3.1849282e-001  2.9745175e-001  2.8688101e-001  3.0433960e-001  2.0292283e-001  2.5989757e-001  1.1141763e-001  2.2161903e-001  1.2979454e-001
 -8.1237369e+000 -6.2710711e-001 -3.3411073e-001 -1.0194827e-002  2.0594286e-001  1.8532737e-001  3.1592973e-001  2.9563616e-001  2.8645924e-001  3.0421883e-001  2.0343753e-001  2.6090048e-001  1.1220496e-001  2.2255153e-001  1.3067894e-001
 -8.1244149e+000 -6.2894971e-001 -3.3563470e-001 -1.1196217e-002  2.0562051e-001  1.8570212e-001  3.1738709e-001  2.9745348e-001  2.8780710e-001  3.0518496e-001  2.0385038e-001  2.6076454e-001  1.1177603e-001  2.2197099e-001  1.3030198e-001
 -8.1237199e+000 -6.2697074e-001 -3.3396665e-001 -9.8978686e-003  2.0630286e-001  1.8561297e-001  3.1594681e-001  2.9543077e-001  2.8615789e-001  3.0395314e-001  2.0319428e-001  2.6071777e-001  1.1215767e-001  2.2255154e-001  1.3063860e-001
 -8.1225215e+000 -6.2490210e-001 -3.3264385e-001 -1.0312762e-002  2.0470738e-001  1.8337736e-001  3.1357884e-001  2.9389700e-001  2.8598520e-001  3.0404340e-001  2.0379809e-001  2.6171838e-001  1.1290631e-001  2.2339294e-001  1.3145422e-001
 -8.1234509e+000 -6.2610665e-001 -3.3324024e-001 -9.2850373e-003  2.0668716e-001  1.8557543e-001  3.1516417e-001  2.9442000e-001  2.8539038e-001  3.0342813e-001  2.0297152e-001  2.6079774e-001  1.1242737e-001  2.2288154e-001  1.3082671e-001
 -8.1243419e+000 -6.2847878e-001 -3.3516069e-001 -1.0573788e-002  2.0619651e-001  1.8603508e-001  3.1713224e-001  2.9683667e-001  2.8714930e-001  3.0466788e-001  2.0349247e-001  2.6060220e-001  1.1183651e-001  2.2209461e-001  1.3032094e-001
 -8.1251827e+000 -6.2931623e-001 -3.3537981e-001 -9.1988063e-003  2.0839665e-001  1.8829183e-001  3.1849012e-001  2.9697992e-001  2.8621604e-001  3.0378409e-001  2.0247502e-001  2.5960557e-001  1.1138332e-001  2.2165330e-001  1.2972920e-001
 -8.1245162e+000 -6.2860215e-001 -3.3512334e-001 -1.0183250e-002  2.0672417e-001  1.8657291e-001  3.1746654e-001  2.9684136e-001  2.8687903e-001  3.0440731e-001  2.0319932e-001  2.6032286e-001  1.1169537e-001  2.2196596e-001  1.3016639e-001
 -8.1245243e+000 -6.2856231e-001 -3.3508396e-001 -1.0086680e-002  2.0684030e-001  1.8667262e-001  3.1747607e-001  2.9676720e-001  2.8675987e-001  3.0431048e-001  2.0313727e-001  2.6029248e-001  1.1170760e-001  2.2198331e-001  1.3015834e-001
 -8.1237530e+000 -6.2750639e-001 -3.3455201e-001 -1.0798087e-002  2.0538782e-001  1.8502753e-001  3.1620871e-001  2.9622634e-001  2.8705566e-001  3.0466235e-001  2.0372108e-001  2.6099391e-001  1.1210902e-001  2.2242279e-001  1.3065296e-001
 -8.1239460e+000 -6.2826003e-001 -3.3524183e-001 -1.1502463e-002  2.0487900e-001  1.8481163e-001  3.1663229e-001  2.9705900e-001  2.8788539e-001  3.0530008e-001  2.0409502e-001  2.6109746e-001  1.1198099e-001  2.2222469e-001  1.3058344e-001
 -8.1229417e+000 -6.2611011e-001 -3.3363922e-001 -1.1062873e-002  2.0432609e-001  1.8351599e-001  3.1459949e-001  2.9519610e-001  2.8696430e-001  3.0473030e-001  2.0409596e-001  2.6162414e-001  1.1257848e-001  2.2297515e-001  1.3120339e-001
 -8.1238245e+000 -6.2740402e-001 -3.3437085e-001 -1.0349494e-002  2.0592309e-001  1.8544990e-001  3.1624462e-001  2.9596228e-001  2.8665588e-001  3.0433380e-001  2.0344128e-001  2.6080286e-001  1.1208305e-001  2.2242457e-001  1.3059031e-001
 -8.1230798e+000 -6.2560399e-001 -3.3294840e-001 -9.6247286e-003  2.0592781e-001  1.8478971e-001  3.1469586e-001  2.9427115e-001  2.8556896e-001  3.0358703e-001  2.0319679e-001  2.6105275e-001  1.1252920e-001  2.2301067e-001  1.3101902e-001
 -8.1235539e+000 -6.2622974e-001 -3.3329159e-001 -9.1702627e-003  2.0688427e-001  1.8580777e-001  3.1535396e-001  2.9448512e-001  2.8532014e-001  3.0335551e-001  2.0288348e-001  2.6070140e-001  1.1237378e-001  2.2282090e-001  1.3075496e-001
 -8.1242150e+000 -6.2777246e-001 -3.3446840e-001 -9.7142430e-003  2.0694757e-001  1.8644761e-001  3.1674860e-001  2.9594747e-001  2.8621472e-001  3.0394753e-001  2.0302545e-001  2.6041907e-001  1.1194458e-001  2.2227903e-001  1.3035602e-001
 -8.1250077e+000 -6.2911859e-001 -3.3531954e-001 -9.4330024e-003  2.0800567e-001  1.8789235e-001  3.1823502e-001  2.9691515e-001  2.8633144e-001  3.0390152e-001  2.0264589e-001  2.5979048e-001  1.1148181e-001  2.2175158e-001  1.2984157e-001
 -8.1239680e+000 -6.2752085e-001 -3.3438128e-001 -1.0035262e-002  2.0641635e-001  1.8590764e-001  3.1643610e-001  2.9590840e-001  2.8642518e-001  3.0412872e-001  2.0321568e-001  2.6059805e-001  1.1200849e-001  2.2236393e-001  1.3048935e-001
 -8.1229935e+000 -6.2554150e-001 -3.3297203e-001 -9.8504230e-003  2.0563016e-001  1.8445223e-001  3.1443362e-001  2.9423605e-001  2.8574085e-001  3.0376696e-001  2.0340150e-001  2.6125634e-001  1.1264559e-001  2.2311157e-001  1.3112884e-001
 -8.1234493e+000 -6.2679929e-001 -3.3401200e-001 -1.0585322e-002  2.0532147e-001  1.8462627e-001  3.1540441e-001  2.9550180e-001  2.8671941e-001  3.0447840e-001  2.0373345e-001  2.6120293e-001  1.1236110e-001  2.2272049e-001  1.3088622e-001
 -8.1242958e+000 -6.2825910e-001 -3.3493758e-001 -1.0243332e-002  2.0650800e-001  1.8631137e-001  3.1720828e-001  2.9662653e-001  2.8678202e-001  3.0433721e-001  2.0321954e-001  2.6040578e-001  1.1177286e-001  2.2207708e-001  1.3026446e-001
 -8.1249622e+000 -6.2933794e-001 -3.3558954e-001 -1.0020771e-002  2.0731019e-001  1.8736943e-001  3.1827120e-001  2.9735296e-001  2.8691879e-001  3.0437161e-001  2.0300735e-001  2.6000809e-001  1.1147100e-001  2.2169511e-001  1.2989068e-001
 -8.1252295e+000 -6.3021906e-001 -3.3636888e-001 -1.0675400e-002  2.0694119e-001  1.8737358e-001  3.1893295e-001  2.9830247e-001  2.8770076e-001  3.0493858e-001  2.0329112e-001  2.6000255e-001  1.1127385e-001  2.2142420e-001  1.2974278e-001
 -8.1231976e+000 -6.2580025e-001 -3.3311215e-001 -9.6037988e-003  2.0613141e-001  1.8494485e-001  3.1468327e-001  2.9427190e-001  2.8558867e-001  3.0363636e-001  2.0323506e-001  2.6108346e-001  1.1258278e-001  2.2304145e-001  1.3101527e-001
 -8.1236058e+000 -6.2637486e-001 -3.3342904e-001 -9.2122331e-003  2.0695743e-001  1.8591155e-001  3.1545001e-001  2.9457708e-001  2.8537223e-001  3.0339062e-001  2.0288104e-001  2.6066620e-001  1.1234817e-001  2.2279377e-001  1.3072550e-001
 -8.1214628e+000 -6.2233911e-001 -3.3065412e-001 -9.2063123e-003  2.0490949e-001  1.8259754e-001  3.1135598e-001  2.9139726e-001  2.8431590e-001  3.0288433e-001  2.0337118e-001  2.6202894e-001  1.1356691e-001  2.2425533e-001  1.3205830e-001
 -8.1235316e+000 -6.2669820e-001 -3.3382132e-001 -1.0108908e-002  2.0587722e-001  1.8509580e-001  3.1550865e-001  2.9525714e-001  2.8628369e-001  3.0411080e-001  2.0342259e-001  2.6098304e-001  1.1231565e-001  2.2270217e-001  1.3080249e-001
 -8.1240637e+000 -6.2797073e-001 -3.3482206e-001 -1.0554229e-002  2.0598418e-001  1.8567056e-001  3.1665303e-001  2.9643592e-001  2.8698604e-001  3.0457005e-001  2.0351559e-001  2.6073210e-001  1.1196820e-001  2.2227043e-001  1.3047553e-001
 -8.1240935e+000 -6.2743863e-001 -3.3418959e-001 -9.5208366e-003  2.0701626e-001  1.8641393e-001  3.1653919e-001  2.9563715e-001  2.8594744e-001  3.0374273e-001  2.0292198e-001  2.6041439e-001  1.1200186e-001  2.2236747e-001  1.3040884e-001
 -8.1237366e+000 -6.2705664e-001 -3.3406362e-001 -1.0014396e-002  2.0621065e-001  1.8553866e-001  3.1593469e-001  2.9550354e-001  2.8627283e-001  3.0406245e-001  2.0329326e-001  2.6078964e-001  1.1218436e-001  2.2255859e-001  1.3065223e-001
 -8.1221308e+000 -6.2405407e-001 -3.3203624e-001 -1.0126534e-002  2.0455582e-001  1.8288719e-001  3.1268917e-001  2.9308436e-001  2.8558525e-001  3.0381370e-001  2.0382108e-001  2.6197218e-001  1.1320286e-001  2.2373911e-001  1.3172353e-001
 -8.1243633e+000 -6.2802432e-001 -3.3462048e-001 -9.6683695e-003  2.0712535e-001  1.8669318e-001  3.1701346e-001  2.9613231e-001  2.8625640e-001  3.0395789e-001  2.0296754e-001  2.6031045e-001  1.1185678e-001  2.2217692e-001  1.3026225e-001
 -8.1251822e+000 -6.3025377e-001 -3.3645202e-001 -1.0990018e-002  2.0651005e-001  1.8699001e-001  3.1881313e-001  2.9843548e-001  2.8798941e-001  3.0520497e-001  2.0355718e-001  2.6022573e-001  1.1134974e-001  2.2145639e-001  1.2981490e-001
 -8.1228611e+000 -6.2549550e-001 -3.3304710e-001 -1.0177413e-002  2.0522620e-001  1.8407766e-001  3.1426535e-001  2.9430777e-001  2.8598468e-001  3.0397938e-001  2.0360419e-001  2.6141992e-001  1.1270237e-001  2.2316641e-001  1.3121723e-001
 -8.1227523e+000 -6.2499368e-001 -3.3257310e-001 -9.6263486e-003  2.0568767e-001  1.8431634e-001  3.1398690e-001  2.9370563e-001  2.8536296e-001  3.0349701e-001  2.0329496e-001  2.6130621e-001  1.1278177e-001  2.2329836e-001  1.3125242e-001
 -8.1237746e+000 -6.2759304e-001 -3.3463950e-001 -1.0832156e-002  2.0543414e-001  1.8507422e-001  3.1623308e-001  2.9627259e-001  2.8710587e-001  3.0469875e-001  2.0371957e-001  2.6096855e-001  1.1209230e-001  2.2241209e-001  1.3064428e-001
 -8.1240575e+000 -6.2728097e-001 -3.3405315e-001 -9.3018626e-003  2.0727667e-001  1.8654738e-001  3.1638361e-001  2.9537481e-001  2.8571570e-001  3.0357156e-001  2.0279651e-001  2.6035876e-001  1.1203957e-001  2.2243477e-001  1.3042982e-001
 -8.1249799e+000 -6.2982058e-001 -3.3611472e-001 -1.0858417e-002  2.0646122e-001  1.8676613e-001  3.1839862e-001  2.9804519e-001  2.8779633e-001  3.0507762e-001  2.0351511e-001  2.6028211e-001  1.1143899e-001  2.2159210e-001  1.2993036e-001
 -8.1242083e+000 -6.2854345e-001 -3.3529250e-001 -1.1125547e-002  2.0542852e-001  1.8544395e-001  3.1716110e-001  2.9723608e-001  2.8769245e-001  3.0507640e-001  2.0378359e-001  2.6075625e-001  1.1176830e-001  2.2201169e-001  1.3036802e-001
 -8.1244072e+000 -6.2880090e-001 -3.3545095e-001 -1.0931631e-002  2.0586303e-001  1.8588312e-001  3.1738894e-001  2.9728067e-001  2.8756175e-001  3.0497033e-001  2.0366554e-001  2.6063716e-001  1.1174116e-001  2.2196631e-001  1.3027336e-001
 -8.1239627e+000 -6.2762305e-001 -3.3448019e-001 -1.0285428e-002  2.0608447e-001  1.8567409e-001  3.1650027e-001  2.9613784e-001  2.8669291e-001  3.0433451e-001  2.0336840e-001  2.6068238e-001  1.1198339e-001  2.2231552e-001  1.3049777e-001
 -8.1235202e+000 -6.2645896e-001 -3.3357289e-001 -9.7078884e-003  2.0629341e-001  1.8537368e-001  3.1540017e-001  2.9488926e-001  2.8585367e-001  3.0377985e-001  2.0320116e-001  2.6088271e-001  1.1235947e-001  2.2277215e-001  1.3079569e-001
 -8.1229172e+000 -6.2518811e-001 -3.3265150e-001 -9.3649024e-003  2.0613957e-001  1.8479939e-001  3.1430870e-001  2.9376887e-001  2.8518401e-001  3.0331886e-001  2.0307600e-001  2.6107694e-001  1.1266508e-001  2.2318870e-001  1.3111634e-001
 -8.1225287e+000 -6.2494767e-001 -3.3271177e-001 -1.0286330e-002  2.0483992e-001  1.8351720e-001  3.1364030e-001  2.9389501e-001  2.8592945e-001  3.0398511e-001  2.0372972e-001  2.6164702e-001  1.1288371e-001  2.2338833e-001  1.3143168e-001
 -8.1232367e+000 -6.2651802e-001 -3.3385486e-001 -1.0729944e-002  2.0497491e-001  1.8430254e-001  3.1525701e-001  2.9544082e-001  2.8674859e-001  3.0448322e-001  2.0377019e-001  2.6125457e-001  1.1236627e-001  2.2275948e-001  1.3095622e-001
 -8.1239320e+000 -6.2733449e-001 -3.3419777e-001 -9.8336113e-003  2.0657317e-001  1.8597535e-001  3.1631735e-001  2.9568473e-001  2.8620723e-001  3.0396180e-001  2.0311171e-001  2.6056596e-001  1.1204233e-001  2.2241683e-001  1.3050892e-001
 -8.1229484e+000 -6.2585196e-001 -3.3336305e-001 -1.0538245e-002  2.0491922e-001  1.8393508e-001  3.1449705e-001  2.9474701e-001  2.8641373e-001  3.0430105e-001  2.0379126e-001  2.6146717e-001  1.1262184e-001  2.2305342e-001  1.3117939e-001
 -8.1245435e+000 -6.2865377e-001 -3.3517219e-001 -1.0164738e-002  2.0680494e-001  1.8665435e-001  3.1750180e-001  2.9684860e-001  2.8685975e-001  3.0439250e-001  2.0318111e-001  2.6030213e-001  1.1169362e-001  2.2196356e-001  1.3015222e-001
 -8.1243324e+000 -6.2799645e-001 -3.3460988e-001 -9.6665662e-003  2.0712738e-001  1.8671750e-001  3.1706020e-001  2.9614834e-001  2.8623639e-001  3.0391774e-001  2.0291216e-001  2.6025043e-001  1.1181672e-001  2.2215741e-001  1.3024968e-001
 -8.1254184e+000 -6.3055082e-001 -3.3656236e-001 -1.0664487e-002  2.0707014e-001  1.8762416e-001  3.1930931e-001  2.9860486e-001  2.8781285e-001  3.0499362e-001  2.0324940e-001  2.5988227e-001  1.1114822e-001  2.2126866e-001  1.2961652e-001
 -8.1259657e+000 -6.3169176e-001 -3.3736856e-001 -1.0864643e-002  2.0736599e-001  1.8831207e-001  3.2041061e-001  2.9962166e-001  2.8832643e-001  3.0530177e-001  2.0321681e-001  2.5956295e-001  1.1079109e-001  2.2083031e-001  1.2927100e-001
 -8.1240988e+000 -6.2811198e-001 -3.3493225e-001 -1.0681309e-002  2.0585438e-001  1.8564608e-001  3.1683711e-001  2.9665711e-001  2.8714419e-001  3.0467281e-001  2.0355695e-001  2.6070793e-001  1.1189169e-001  2.2218112e-001  1.3042765e-001
 -8.1242337e+000 -6.2840754e-001 -3.3518927e-001 -1.0839614e-002  2.0583598e-001  1.8565573e-001  3.1688518e-001  2.9683024e-001  2.8735053e-001  3.0487001e-001  2.0371575e-001  2.6081372e-001  1.1194207e-001  2.2218310e-001  1.3042778e-001
 -8.1249684e+000 -6.2997540e-001 -3.3629309e-001 -1.1148558e-002  2.0615329e-001  1.8660365e-001  3.1856099e-001  2.9833854e-001  2.8806777e-001  3.0526780e-001  2.0363502e-001  2.6031413e-001  1.1137769e-001  2.2151752e-001  1.2991241e-001
